 -1221535205 -1112806435  -162353033 -1818326863
 -1669808940 -2112554440   376199190  1946444140
  -184026227  -264348930   -73252938  -795208931
   951455545   116818836  1397793592    72493224
   830492914  1644729817   913080305 -1484458910
   354424414   443783688 -1781813067  1678431259
   527402180   243459048  1034970911 -2140077642
  -964325688  2129656293  -650183592 -1577928220
 -2125614899 -2061266863  1941290142 -1143947212
  -445215604 -1244570975   152907394   707706871
   574851700  2061662918   845837390  2087095840
  -204033746  1829338505 -1599411144   456083616
   -58400796  2054457540 -1351940689 -1263954821
  1036177914  -124046701 -1075850612  1182894256
  2106939940 -1109159692  -257522101 -1997359679
  1265547816  -241508599  -535022570   -89377473
 -1466844824  -736617779 -1751034350  1516496052
  1126258375   885793865 -1766158020  -834584650
  1384287471  -747046004  1413476914   654388019
  -741596280  1628003216  -834148004   596376404
   303384531   938581897  1399932480  1834990377
 -1818523252  -610589902   583863126  -846226087
  -599660133 -1417005680 -1380924480    66496695
 -1070271517  1823568861  -398616236 -1473570897
  -683873176  1122152747   -56422574 -1427759164
 -1650892170 -1418105591  -139144259  1240744868
   310224565 -1530264686  2017028615 -2117249721
  1632680668  -362000399  1477003613  2036362237
 -1003010924   943263491  -634663530  2118015701
   403564328  1227108212 -1122501679  1677806313
  -129194055 -1404550586  1480035467  -956058983
  -218036950 -1862149054  1607305736  1678142656
  1416669844 -1385175080 -1907613947   726546615
  1362679644   647012146  2001426422  1200659281
  1463582841   -27818487  1632907853  1756101870
    20197856  -975086385 -1456160917   205395357
  -153288336  -113732988   903387706   813680305
 -1780846759   183848745
